37   2  58  11
38  58  59  11
39  58  38  59
40  11  59  10
41  38  60  59
42  60  61  59
43  60  39  61
44  59  61  10
45  38  62  60
46  62  63  60
47  62  34  63
48  60  63  39
49  10  61   9
50  61  64   9
51  61  39  64
52   9  64   8
53  34  65  63
54  65  66  63
55  65  40  66
56  63  66  39
57  40  67  66
58  67  68  66
59  67  41  68
60  66  68  39
61  40  69  67
62  69  70  67
63  69  35  70
64  67  70  41
65  39  68  64
66  68  71  64
67  68  41  71
68  64  71   8
69  34  72  65
70  72  73  65
71  72  42  73
72  65  73  40
73  42  74  73
74  74  75  73
75  74  43  75
76  73  75  40
77  42  76  74
78  76  77  74
79  76  33  77
80  74  77  43
81  40  75  69
82  75  78  69
83  75  43  78
84  69  78  35
85   8  71   7
86  71  79   7
87  71  41  79
88   7  79   6
89  41  80  79
90  80  81  79
91  80  44  81
92  79  81   6
93  41  70  80
94  70  82  80
95  70  35  82
96  80  82  44
97   6  81   5
98  81  83   5
99  81  44  83
100    5   83    1
101    2   12   58
102   12   84   58
103   12   13   84
104   58   84   38
105   13   85   84
106   85   86   84
107   85   45   86
108   84   86   38
109   13   14   85
110   14   87   85
111   14   15   87
112   85   87   45
113   38   86   62
114   86   88   62
115   86   45   88
116   62   88   34
117   15   89   87
118   89   90   87
119   89   46   90
120   87   90   45
121   46   91   90
122   91   92   90
123   91   47   92
124   90   92   45
125   46   93   91
126   93   94   91
127   93   36   94
128   91   94   47
129   45   92   88
130   92   95   88
131   92   47   95
132   88   95   34
133   15   16   89
134   16   96   89
135   16   17   96
136   89   96   46
137   17   97   96
138   97   98   96
139   97   48   98
140   96   98   46
141   17   18   97
142   18   99   97
143   18    3   99
144   97   99   48
145   46   98   93
146   98  100   93
147   98   48  100
148   93  100   36
149   34   95   72
150   95  101   72
151   95   47  101
152   72  101   42
153   47  102  101
154  102  103  101
155  102   49  103
156  101  103   42
157   47   94  102
158   94  104  102
159   94   36  104
160  102  104   49
161   42  103   76
162  103  105   76
163  103   49  105
164   76  105   33
165    4  106   25
166  106  107   25
167  106   50  107
168   25  107   24
169   50  108  107
170  108  109  107
171  108   51  109
172  107  109   24
173   50  110  108
174  110  111  108
175  110   37  111
176  108  111   51
177   24  109   23
178  109  112   23
179  109   51  112
180   23  112   22
181   37  113  111
182  113  114  111
183  113   52  114
184  111  114   51
185   52  115  114
186  115  116  114
187  115   53  116
188  114  116   51
189   52  117  115
190  117  118  115
191  117   36  118
192  115  118   53
193   51  116  112
194  116  119  112
195  116   53  119
196  112  119   22
197   37  120  113
198  120  121  113
199  120   54  121
200  113  121   52
201   54  122  121
202  122  123  121
203  122   49  123
204  121  123   52
205   54  124  122
206  124  105  122
207  124   33  105
208  122  105   49
209   52  123  117
210  123  104  117
211  123   49  104
212  117  104   36
213   22  119   21
214  119  125   21
215  119   53  125
216   21  125   20
217   53  126  125
218  126  127  125
219  126   48  127
220  125  127   20
221   53  118  126
222  118  100  126
223  118   36  100
224  126  100   48
225   20  127   19
226  127   99   19
227  127   48   99
228   19   99    3
229    4   26  106
230   26  128  106
231   26   27  128
232  106  128   50
233   27  129  128
234  129  130  128
235  129   55  130
236  128  130   50
237   27   28  129
238   28  131  129
239   28   29  131
240  129  131   55
241   50  130  110
242  130  132  110
243  130   55  132
244  110  132   37
245   29  133  131
246  133  134  131
247  133   56  134
248  131  134   55
249   56  135  134
250  135  136  134
251  135   57  136
252  134  136   55
253   56  137  135
254  137  138  135
255  137   35  138
256  135  138   57
257   55  136  132
258  136  139  132
259  136   57  139
260  132  139   37
261   29   30  133
262   30  140  133
263   30   31  140
264  133  140   56
265   31  141  140
266  141  142  140
267  141   44  142
268  140  142   56
269   31   32  141
270   32   83  141
271   32    1   83
272  141   83   44
273   56  142  137
274  142   82  137
275  142   44   82
276  137   82   35
277   37  139  120
278  139  143  120
279  139   57  143
280  120  143   54
281   57  144  143
282  144  145  143
283  144   43  145
284  143  145   54
285   57  138  144
286  138   78  144
287  138   35   78
288  144   78   43
289   54  145  124
290  145   77  124
291  145   43   77
292  124   77   33
