1 0 0 0
2 0.5 0 0
3 0.5 0.5 0
4 0 0.5 0
5 0.06249999999988691 0 0
6 0.1249999999997041 0 0
7 0.18749999999952 0 0
8 0.2499999999993359 0 0
9 0.3124999999995019 0 0
10 0.3749999999996679 0 0
11 0.437499999999834 0 0
12 0.5 0.06249999999988691 0
13 0.5 0.1249999999997041 0
14 0.5 0.18749999999952 0
15 0.5 0.2499999999993359 0
16 0.5 0.3124999999995019 0
17 0.5 0.3749999999996679 0
18 0.5 0.437499999999834 0
19 0.4375000000000891 0.5 0
20 0.3750000000002301 0.5 0
21 0.3125000000002973 0.5 0
22 0.2500000000006652 0.5 0
23 0.1875000000004989 0.5 0
24 0.1250000000003326 0.5 0
25 0.06250000000016631 0.5 0
26 0 0.4375000000000891 0
27 0 0.3750000000002301 0
28 0 0.3125000000002973 0
29 0 0.2500000000006652 0
30 0 0.1875000000004989 0
31 0 0.1250000000003326 0
32 0 0.06250000000016631 0
33 0.25 0.25 0
34 0.375 0.125 0
35 0.125 0.125 0
36 0.375 0.375 0
37 0.125 0.375 0
38 0.4375 0.0625 0
39 0.3124999999996679 0.0625 0
40 0.25 0.125 0
41 0.1874999999996679 0.0625 0
42 0.3125 0.1875 0
43 0.1875 0.1875 0
44 0.0625 0.0625 0
45 0.4375 0.1874999999996679 0
46 0.4375 0.3124999999996679 0
47 0.375 0.25 0
48 0.4375 0.4375 0
49 0.3125 0.3125 0
50 0.0625 0.4375 0
51 0.1875000000003326 0.4375 0
52 0.25 0.375 0
53 0.3125000000003326 0.4375 0
54 0.1875 0.3125 0
55 0.0625 0.3125000000003326 0
56 0.0625 0.1875000000003326 0
57 0.125 0.25 0
58 0.46875 0.03125 0
59 0.406249999999834 0.03125 0
60 0.374999999999834 0.0625 0
61 0.3437499999996679 0.03125 0
62 0.40625 0.09375 0
63 0.343749999999834 0.09375 0
64 0.2812499999995019 0.03125 0
65 0.3125 0.125 0
66 0.281249999999834 0.09375 0
67 0.218749999999834 0.09375 0
68 0.2499999999996679 0.0625 0
69 0.1875 0.125 0
70 0.156249999999834 0.09375 0
71 0.2187499999995019 0.03125 0
72 0.34375 0.15625 0
73 0.28125 0.15625 0
74 0.25 0.1875 0
75 0.21875 0.15625 0
76 0.28125 0.21875 0
77 0.21875 0.21875 0
78 0.15625 0.15625 0
79 0.156249999999686 0.03125 0
80 0.124999999999834 0.0625 0
81 0.09374999999985206 0.03125 0
82 0.09375 0.09375 0
83 0.03125 0.03125 0
84 0.46875 0.09374999999985206 0
85 0.46875 0.156249999999686 0
86 0.4375 0.124999999999834 0
87 0.46875 0.2187499999995019 0
88 0.40625 0.156249999999834 0
89 0.46875 0.2812499999995019 0
90 0.4375 0.2499999999996679 0
91 0.40625 0.281249999999834 0
92 0.40625 0.218749999999834 0
93 0.40625 0.343749999999834 0
94 0.375 0.3125 0
95 0.375 0.1875 0
96 0.46875 0.3437499999996679 0
97 0.46875 0.406249999999834 0
98 0.4375 0.374999999999834 0
99 0.46875 0.46875 0
100 0.40625 0.40625 0
101 0.34375 0.21875 0
102 0.34375 0.28125 0
103 0.3125 0.25 0
104 0.34375 0.34375 0
105 0.28125 0.28125 0
106 0.03125 0.46875 0
107 0.09375000000016631 0.46875 0
108 0.1250000000001663 0.4375 0
109 0.1562500000003326 0.46875 0
110 0.09375 0.40625 0
111 0.1562500000001663 0.40625 0
112 0.2187500000004989 0.46875 0
113 0.1875 0.375 0
114 0.2187500000001663 0.40625 0
115 0.2812500000001663 0.40625 0
116 0.2500000000003326 0.4375 0
117 0.3125 0.375 0
118 0.3437500000001663 0.40625 0
119 0.2812500000004989 0.46875 0
120 0.15625 0.34375 0
121 0.21875 0.34375 0
122 0.25 0.3125 0
123 0.28125 0.34375 0
124 0.21875 0.28125 0
125 0.3437500000002813 0.46875 0
126 0.3750000000001663 0.4375 0
127 0.406250000000115 0.46875 0
128 0.03125 0.406250000000115 0
129 0.03125 0.3437500000002813 0
130 0.0625 0.3750000000001663 0
131 0.03125 0.2812500000004989 0
132 0.09375 0.3437500000001663 0
133 0.03125 0.2187500000004989 0
134 0.0625 0.2500000000003326 0
135 0.09375 0.2187500000001663 0
136 0.09375 0.2812500000001663 0
137 0.09375 0.1562500000001663 0
138 0.125 0.1875 0
139 0.125 0.3125 0
140 0.03125 0.1562500000003326 0
141 0.03125 0.09375000000016631 0
142 0.0625 0.1250000000001663 0
143 0.15625 0.28125 0
144 0.15625 0.21875 0
145 0.1875 0.25 0
